0.01 0
0.135115 0
0.26023 4.16017
0.385345 12.8695
0.51046 21.1334
0.635576 29.5382
0.760691 36.7484
0.885806 42.4347
1.01092 47.9643
1.13604 53.124
1.26115 58.586
1.38627 64.0117
1.51138 69.5044
1.6365 74.8898
1.76161 80.7156
1.88673 86.1624
2.01184 91.8175
2.13696 97.2767
2.26207 102.752
2.38719 107.867
2.5123 113.119
2.63742 118.759
2.76253 124.044
2.88765 129.543
3.01276 134.647
3.13788 140.006
3.26299 145.342
3.38811 150.6
3.51322 155.449
3.63834 160.404
3.76345 165.463
3.88857 170.632
4.01368 175.705
4.1388 180.509
4.26391 185.451
4.38903 190.285
4.51414 195.109
4.63926 199.959
4.76437 204.824
4.88949 209.945
5.0146 214.825
5.13972 219.341
5.26483 224.145
5.38995 229.026
5.51507 233.738
5.64018 238.568
5.7653 243.56
5.89041 248.539
6.01553 253.405
6.14064 258.179
6.26576 262.959
6.39087 267.778
6.51599 272.614
6.6411 277.461
6.76622 282.296
6.89133 287.116
7.01645 291.971
7.14156 296.826
7.26668 301.56
7.39179 306.193
7.51691 310.904
7.64202 315.761
7.76714 320.637
7.89225 325.441
8.01737 330.23
8.14248 335.085
8.2676 340
8.39271 344.902
8.51783 349.754
8.64294 354.582
8.76806 359.431
8.89317 364.285
9.01829 369.057
9.1434 373.666
9.26852 378.201
9.39363 382.832
9.51875 387.686
9.64386 392.7
9.76898 397.773
9.89409 402.828
10.0192 407.84
10.1443 412.786
10.2694 417.654
10.3946 422.466
10.5197 427.252
10.6448 432.045
10.7699 436.847
10.895 441.655
11.0201 446.462
11.1452 451.264
11.2704 456.063
11.3955 460.86
11.5206 465.657
11.6457 470.457
11.7708 475.26
11.8959 480.063
12.0211 484.867
12.1462 489.671
12.2713 494.474
12.3964 499.276
12.5215 504.079
12.6466 508.883
12.7717 513.687
12.8969 518.491
13.022 523.295
13.1471 528.099
13.2722 532.904
13.3973 537.708
13.5224 542.511
13.6475 547.314
13.7727 552.116
13.8978 556.917
14.0229 561.717
14.148 566.517
14.2731 571.318
14.3982 576.119
14.5234 580.92
14.6485 585.722
14.7736 590.525
14.8987 595.327
15.0238 600.13
15.1489 604.933
15.274 609.737
15.3992 614.541
15.5243 619.344
15.6494 624.148
15.7745 628.952
15.8996 633.755
16.0247 638.559
16.1498 643.362
16.275 648.166
16.4001 652.969
16.5252 657.772
16.6503 662.573
16.7754 667.373
16.9005 672.172
17.0257 676.97
17.1508 681.768
17.2759 686.566
17.401 691.364
17.5261 696.163
17.6512 700.963
17.7763 705.763
17.9015 710.563
18.0266 715.363
18.1517 720.164
18.2768 724.964
18.4019 729.764
18.527 734.565
18.6522 739.366
18.7773 744.167
18.9024 748.967
19.0275 753.768
19.1526 758.569
19.2777 763.369
19.4028 768.17
19.528 772.97
19.6531 777.769
19.7782 782.568
19.9033 787.366
20.0284 792.164
20.1535 796.961
20.2786 801.759
20.4038 806.555
20.5289 811.352
20.654 816.149
20.7791 820.946
20.9042 825.743
21.0293 830.54
21.1545 835.337
21.2796 840.134
21.4047 844.93
21.5298 849.727
21.6549 854.523
21.78 859.32
21.9051 864.116
22.0303 868.913
22.1554 873.709
22.2805 878.506
22.4056 883.302
22.5307 888.098
22.6558 892.893
22.781 897.689
22.9061 902.484
23.0312 907.279
23.1563 912.074
23.2814 916.869
23.4065 921.664
23.5316 926.458
23.6568 931.253
23.7819 936.047
23.907 940.842
24.0321 945.636
24.1572 950.43
24.2823 955.225
24.4074 960.018
24.5326 964.812
24.6577 969.605
24.7828 974.397
24.9079 979.19
25.033 983.981
25.1581 988.773
25.2833 993.564
25.4084 998.355
25.5335 1003.15
25.6586 1007.94
25.7837 1012.73
25.9088 1017.52
26.0339 1022.31
26.1591 1027.1
26.2842 1031.89
26.4093 1036.68
26.5344 1041.48
26.6595 1046.27
26.7846 1051.06
26.9097 1055.85
27.0349 1060.64
27.16 1065.43
27.2851 1070.22
27.4102 1075.01
27.5353 1079.79
27.6604 1084.58
27.7856 1089.37
27.9107 1094.16
28.0358 1098.95
28.1609 1103.74
28.286 1108.53
28.4111 1113.32
28.5362 1118.11
28.6614 1122.9
28.7865 1127.69
28.9116 1132.47
29.0367 1137.26
29.1618 1142.05
29.2869 1146.84
29.4121 1151.63
29.5372 1156.42
29.6623 1161.21
29.7874 1165.99
29.9125 1170.78
30.0376 1175.57
30.1627 1180.36
30.2879 1185.14
30.413 1189.93
30.5381 1194.72
30.6632 1199.5
30.7883 1204.29
30.9134 1209.07
31.0385 1213.86
31.1637 1218.64
31.2888 1223.43
31.4139 1228.21
31.539 1232.99
31.6641 1237.78
31.7892 1242.56
31.9144 1247.35
32.0395 1252.13
32.1646 1256.92
32.2897 1261.7
32.4148 1266.49
32.5399 1271.27
32.665 1276.06
32.7902 1280.84
32.9153 1285.62
33.0404 1290.41
33.1655 1295.19
33.2906 1299.96
33.4157 1304.74
33.5409 1309.52
33.666 1314.29
33.7911 1319.07
33.9162 1323.84
34.0413 1328.61
34.1664 1333.39
34.2915 1338.16
34.4167 1342.94
34.5418 1347.72
34.6669 1352.49
34.792 1357.27
34.9171 1362.05
35.0422 1366.83
35.1673 1371.62
35.2925 1376.4
35.4176 1381.18
35.5427 1385.96
35.6678 1390.74
35.7929 1395.52
35.918 1400.3
36.0432 1405.08
36.1683 1409.86
36.2934 1414.64
36.4185 1419.42
36.5436 1424.2
36.6687 1428.97
36.7938 1433.75
36.919 1438.52
37.0441 1443.3
37.1692 1448.08
37.2943 1452.85
37.4194 1457.63
37.5445 1462.4
37.6696 1467.18
37.7948 1471.95
37.9199 1476.73
38.045 1481.51
38.1701 1486.28
38.2952 1491.06
38.4203 1495.83
38.5455 1500.6
38.6706 1505.38
38.7957 1510.15
38.9208 1514.93
39.0459 1519.7
39.171 1524.47
39.2961 1529.25
39.4213 1534.02
39.5464 1538.79
39.6715 1543.57
39.7966 1548.34
39.9217 1553.11
40.0468 1557.88
40.172 1562.66
40.2971 1567.43
40.4222 1572.2
40.5473 1576.97
40.6724 1581.74
40.7975 1586.51
40.9226 1591.29
41.0478 1596.06
41.1729 1600.83
41.298 1605.6
41.4231 1610.37
41.5482 1615.14
41.6733 1619.91
41.7984 1624.68
41.9236 1629.45
42.0487 1634.22
42.1738 1638.99
42.2989 1643.76
42.424 1648.53
42.5491 1653.3
42.6743 1658.07
42.7994 1662.83
42.9245 1667.6
43.0496 1672.37
43.1747 1677.14
43.2998 1681.91
43.4249 1686.67
43.5501 1691.44
43.6752 1696.21
43.8003 1700.98
43.9254 1705.74
44.0505 1710.51
44.1756 1715.28
44.3008 1720.04
44.4259 1724.81
44.551 1729.57
44.6761 1734.34
44.8012 1739.11
44.9263 1743.87
45.0514 1748.64
45.1766 1753.4
45.3017 1758.17
45.4268 1762.94
45.5519 1767.7
45.677 1772.47
45.8021 1777.23
45.9272 1782
46.0524 1786.76
46.1775 1791.53
46.3026 1796.29
46.4277 1801.06
46.5528 1805.82
46.6779 1810.59
46.8031 1815.35
46.9282 1820.12
47.0533 1824.88
47.1784 1829.65
47.3035 1834.41
47.4286 1839.18
47.5537 1843.94
47.6789 1848.71
47.804 1853.47
47.9291 1858.23
48.0542 1863
48.1793 1867.76
48.3044 1872.52
48.4295 1877.28
48.5547 1882.05
48.6798 1886.81
48.8049 1891.57
48.93 1896.33
49.0551 1901.09
49.1802 1905.85
49.3054 1910.61
49.4305 1915.37
49.5556 1920.13
49.6807 1924.89
49.8058 1929.65
49.9309 1934.41
50.056 1939.16
50.1812 1943.92
50.3063 1948.68
50.4314 1953.44
50.5565 1958.2
50.6816 1962.95
50.8067 1967.71
50.9319 1972.47
51.057 1977.22
51.1821 1981.98
51.3072 1986.74
51.4323 1991.49
51.5574 1996.25
51.6825 2001.01
51.8077 2005.76
51.9328 2010.52
52.0579 2015.28
52.183 2020.03
52.3081 2024.79
52.4332 2029.54
52.5583 2034.3
52.6835 2039.05
52.8086 2043.81
52.9337 2048.56
53.0588 2053.32
53.1839 2058.07
53.309 2062.83
53.4342 2067.58
53.5593 2072.34
53.6844 2077.09
53.8095 2081.85
53.9346 2086.6
54.0597 2091.36
54.1848 2096.11
54.31 2100.86
54.4351 2105.62
54.5602 2110.37
54.6853 2115.13
54.8104 2119.88
54.9355 2124.63
55.0607 2129.39
55.1858 2134.14
55.3109 2138.89
55.436 2143.64
55.5611 2148.4
55.6862 2153.15
55.8113 2157.9
55.9365 2162.65
56.0616 2167.4
56.1867 2172.15
56.3118 2176.9
56.4369 2181.66
56.562 2186.41
56.6871 2191.16
56.8123 2195.91
56.9374 2200.66
57.0625 2205.41
57.1876 2210.16
57.3127 2214.91
57.4378 2219.66
57.563 2224.41
57.6881 2229.15
57.8132 2233.9
57.9383 2238.65
58.0634 2243.4
58.1885 2248.15
58.3136 2252.9
58.4388 2257.65
58.5639 2262.4
58.689 2267.15
58.8141 2271.89
58.9392 2276.64
59.0643 2281.39
59.1894 2286.14
59.3146 2290.89
59.4397 2295.64
59.5648 2300.38
59.6899 2305.13
59.815 2309.88
59.9401 2314.63
60.0653 2319.37
60.1904 2324.12
60.3155 2328.87
60.4406 2333.62
60.5657 2338.36
60.6908 2343.11
60.8159 2347.85
60.9411 2352.6
61.0662 2357.34
61.1913 2362.09
61.3164 2366.83
61.4415 2371.58
61.5666 2376.32
61.6918 2381.07
61.8169 2385.81
61.942 2390.55
62.0671 2395.3
62.1922 2400.04
62.3173 2404.79
62.4424 2409.53
62.5676 2414.27
62.6927 2419.02
62.8178 2423.76
62.9429 2428.51
63.068 2433.25
63.1931 2438
63.3182 2442.74
63.4434 2447.49
63.5685 2452.24
63.6936 2456.98
63.8187 2461.73
63.9438 2466.47
64.0689 2471.22
64.1941 2475.97
64.3192 2480.71
64.4443 2485.45
64.5694 2490.2
64.6945 2494.94
64.8196 2499.68
64.9447 2504.43
65.0699 2509.17
65.195 2513.91
65.3201 2518.65
65.4452 2523.38
65.5703 2528.12
65.6954 2532.86
65.8206 2537.59
65.9457 2542.33
66.0708 2547.06
66.1959 2551.79
66.321 2556.52
66.4461 2561.26
66.5712 2565.99
66.6964 2570.72
66.8215 2575.45
66.9466 2580.18
67.0717 2584.91
67.1968 2589.64
67.3219 2594.37
67.447 2599.11
67.5722 2603.84
67.6973 2608.57
67.8224 2613.31
67.9475 2618.04
68.0726 2622.78
68.1977 2627.51
68.3229 2632.25
68.448 2636.99
68.5731 2641.72
68.6982 2646.46
68.8233 2651.2
68.9484 2655.94
69.0735 2660.68
69.1987 2665.42
69.3238 2670.16
69.4489 2674.9
69.574 2679.64
69.6991 2684.38
69.8242 2689.12
69.9493 2693.86
70.0745 2698.59
70.1996 2703.33
70.3247 2708.07
70.4498 2712.81
70.5749 2717.54
70.7 2722.28
70.8252 2727.01
70.9503 2731.75
71.0754 2736.48
71.2005 2741.22
71.3256 2745.95
71.4507 2750.68
71.5758 2755.41
71.701 2760.15
71.8261 2764.88
71.9512 2769.61
72.0763 2774.34
72.2014 2779.07
72.3265 2783.8
72.4517 2788.53
72.5768 2793.26
72.7019 2797.99
72.827 2802.72
72.9521 2807.45
73.0772 2812.18
73.2023 2816.91
73.3275 2821.64
73.4526 2826.37
73.5777 2831.1
73.7028 2835.83
73.8279 2840.56
73.953 2845.29
74.0781 2850.01
74.2033 2854.74
74.3284 2859.47
74.4535 2864.2
74.5786 2868.93
74.7037 2873.66
74.8288 2878.39
74.954 2883.12
75.0791 2887.85
75.2042 2892.57
75.3293 2897.3
75.4544 2902.03
75.5795 2906.76
75.7046 2911.49
75.8298 2916.21
75.9549 2920.94
76.08 2925.67
76.2051 2930.39
76.3302 2935.12
76.4553 2939.85
76.5805 2944.57
76.7056 2949.3
76.8307 2954.02
76.9558 2958.75
77.0809 2963.47
77.206 2968.2
77.3311 2972.92
77.4563 2977.65
77.5814 2982.37
77.7065 2987.1
77.8316 2991.82
77.9567 2996.55
78.0818 3001.27
78.2069 3005.99
78.3321 3010.72
78.4572 3015.44
78.5823 3020.16
78.7074 3024.89
78.8325 3029.61
78.9576 3034.34
79.0828 3039.06
79.2079 3043.78
79.333 3048.51
79.4581 3053.23
79.5832 3057.95
79.7083 3062.67
79.8334 3067.4
79.9586 3072.12
80.0837 3076.84
80.2088 3081.57
80.3339 3086.29
80.459 3091.01
80.5841 3095.74
80.7092 3100.46
80.8344 3105.18
80.9595 3109.9
81.0846 3114.63
81.2097 3119.35
81.3348 3124.07
81.4599 3128.79
81.5851 3133.51
81.7102 3138.24
81.8353 3142.96
81.9604 3147.68
82.0855 3152.4
82.2106 3157.12
82.3357 3161.84
82.4609 3166.56
82.586 3171.28
82.7111 3176.01
82.8362 3180.73
82.9613 3185.45
83.0864 3190.17
83.2116 3194.89
83.3367 3199.61
83.4618 3204.33
83.5869 3209.05
83.712 3213.77
83.8371 3218.48
83.9622 3223.2
84.0874 3227.92
84.2125 3232.64
84.3376 3237.36
84.4627 3242.08
84.5878 3246.8
84.7129 3251.52
84.838 3256.23
84.9632 3260.95
85.0883 3265.67
85.2134 3270.39
85.3385 3275.11
85.4636 3279.82
85.5887 3284.54
85.7139 3289.26
85.839 3293.97
85.9641 3298.69
86.0892 3303.41
86.2143 3308.12
86.3394 3312.84
86.4645 3317.56
86.5897 3322.27
86.7148 3326.99
86.8399 3331.7
86.965 3336.42
87.0901 3341.13
87.2152 3345.85
87.3404 3350.56
87.4655 3355.28
87.5906 3359.99
87.7157 3364.7
87.8408 3369.42
87.9659 3374.13
88.091 3378.84
88.2162 3383.55
88.3413 3388.27
88.4664 3392.98
88.5915 3397.69
88.7166 3402.4
88.8417 3407.11
88.9668 3411.82
89.092 3416.53
89.2171 3421.24
89.3422 3425.95
89.4673 3430.66
89.5924 3435.37
89.7175 3440.08
89.8427 3444.79
89.9678 3449.5
90.0929 3454.21
90.218 3458.92
90.3431 3463.62
90.4682 3468.33
90.5933 3473.04
90.7185 3477.75
90.8436 3482.46
90.9687 3487.16
91.0938 3491.87
91.2189 3496.58
91.344 3501.29
91.4691 3505.99
91.5943 3510.7
91.7194 3515.41
91.8445 3520.11
91.9696 3524.82
92.0947 3529.53
92.2198 3534.23
92.345 3538.94
92.4701 3543.65
92.5952 3548.35
92.7203 3553.06
92.8454 3557.76
92.9705 3562.47
93.0956 3567.18
93.2208 3571.88
93.3459 3576.59
93.471 3581.29
93.5961 3586
93.7212 3590.7
93.8463 3595.41
93.9715 3600.11
94.0966 3604.82
94.2217 3609.52
94.3468 3614.23
94.4719 3618.93
94.597 3623.64
94.7221 3628.34
94.8473 3633.05
94.9724 3637.75
95.0975 3642.46
95.2226 3647.16
95.3477 3651.86
95.4728 3656.57
95.5979 3661.27
95.7231 3665.98
95.8482 3670.68
95.9733 3675.38
96.0984 3680.09
96.2235 3684.79
96.3486 3689.49
96.4738 3694.2
96.5989 3698.9
96.724 3703.6
96.8491 3708.3
96.9742 3713.01
97.0993 3717.71
97.2244 3722.41
97.3496 3727.12
97.4747 3731.82
97.5998 3736.52
97.7249 3741.22
97.85 3745.92
97.9751 3750.63
98.1003 3755.33
98.2254 3760.03
98.3505 3764.73
98.4756 3769.43
98.6007 3774.14
98.7258 3778.84
98.8509 3783.54
98.9761 3788.24
99.1012 3792.94
99.2263 3797.64
99.3514 3802.34
99.4765 3807.05
99.6016 3811.75
99.7267 3816.45
99.8519 3821.15
99.977 3825.85
100.102 3830.55
100.227 3835.25
100.352 3839.95
100.477 3844.65
100.603 3849.35
100.728 3854.05
100.853 3858.75
100.978 3863.45
101.103 3868.15
101.228 3872.85
101.353 3877.55
101.478 3882.25
101.603 3886.95
101.729 3891.65
101.854 3896.34
101.979 3901.04
102.104 3905.74
102.229 3910.44
102.354 3915.14
102.479 3919.84
102.604 3924.54
102.73 3929.23
102.855 3933.93
102.98 3938.63
103.105 3943.33
103.23 3948.02
103.355 3952.72
103.48 3957.42
103.605 3962.11
103.73 3966.81
103.856 3971.51
103.981 3976.2
104.106 3980.9
104.231 3985.59
104.356 3990.29
104.481 3994.99
104.606 3999.68
104.731 4004.38
104.856 4009.07
104.982 4013.77
105.107 4018.46
105.232 4023.16
105.357 4027.85
105.482 4032.54
105.607 4037.24
105.732 4041.93
105.857 4046.63
105.983 4051.32
106.108 4056.01
106.233 4060.71
106.358 4065.4
106.483 4070.09
106.608 4074.78
106.733 4079.48
106.858 4084.17
106.983 4088.86
107.109 4093.55
107.234 4098.24
107.359 4102.94
107.484 4107.63
107.609 4112.32
107.734 4117.01
107.859 4121.7
107.984 4126.39
108.109 4131.08
108.235 4135.77
108.36 4140.46
108.485 4145.15
108.61 4149.84
108.735 4154.53
108.86 4159.22
108.985 4163.91
109.11 4168.6
109.235 4173.29
109.361 4177.98
109.486 4182.67
109.611 4187.36
109.736 4192.05
109.861 4196.73
109.986 4201.42
110.111 4206.11
110.236 4210.8
110.362 4215.49
110.487 4220.17
110.612 4224.86
110.737 4229.55
110.862 4234.24
110.987 4238.92
111.112 4243.61
111.237 4248.3
111.362 4252.99
111.488 4257.67
111.613 4262.36
111.738 4267.05
111.863 4271.73
111.988 4276.42
112.113 4281.1
112.238 4285.79
112.363 4290.48
112.488 4295.16
112.614 4299.85
112.739 4304.53
112.864 4309.22
112.989 4313.9
113.114 4318.59
113.239 4323.27
113.364 4327.96
113.489 4332.64
113.615 4337.33
113.74 4342.01
113.865 4346.7
113.99 4351.38
114.115 4356.07
114.24 4360.75
114.365 4365.44
114.49 4370.12
114.615 4374.8
114.741 4379.49
114.866 4384.17
114.991 4388.86
115.116 4393.54
115.241 4398.22
115.366 4402.91
115.491 4407.59
115.616 4412.27
115.741 4416.96
115.867 4421.64
115.992 4426.32
116.117 4431.01
116.242 4435.69
116.367 4440.37
116.492 4445.05
116.617 4449.74
116.742 4454.42
116.868 4459.1
116.993 4463.78
117.118 4468.46
117.243 4473.15
117.368 4477.83
117.493 4482.51
117.618 4487.19
117.743 4491.87
117.868 4496.55
117.994 4501.23
118.119 4505.92
118.244 4510.6
118.369 4515.28
118.494 4519.96
118.619 4524.64
118.744 4529.32
118.869 4534
118.994 4538.68
119.12 4543.36
119.245 4548.04
119.37 4552.72
119.495 4557.4
119.62 4562.08
119.745 4566.76
119.87 4571.44
119.995 4576.12
120.121 4580.8
120.246 4585.48
120.371 4590.16
120.496 4594.83
120.621 4599.51
120.746 4604.19
120.871 4608.87
120.996 4613.55
121.121 4618.23
121.247 4622.9
121.372 4627.58
121.497 4632.26
121.622 4636.94
121.747 4641.62
121.872 4646.29
121.997 4650.97
122.122 4655.65
122.247 4660.32
122.373 4665
122.498 4669.68
122.623 4674.35
122.748 4679.03
122.873 4683.71
122.998 4688.38
123.123 4693.06
123.248 4697.73
123.374 4702.41
123.499 4707.09
123.624 4711.76
123.749 4716.44
123.874 4721.11
123.999 4725.79
124.124 4730.46
124.249 4735.14
124.374 4739.81
124.5 4744.49
124.625 4749.16
124.75 4753.84
124.875 4758.51
125 4763.18