0.01 0
0.135115 0
0.26023 0.73414
0.385345 2.02447
0.51046 3.68382
0.635576 5.65134
0.760691 7.86651
0.885806 10.1739
1.01092 12.5957
1.13604 15.0912
1.26115 17.7168
1.38627 20.2712
1.51138 22.7625
1.6365 25.3746
1.76161 27.8775
1.88673 30.4828
2.01184 32.9699
2.13696 35.4422
2.26207 37.9371
2.38719 40.2783
2.5123 42.6175
2.63742 45.1553
2.76253 47.4922
2.88765 50.0118
3.01276 52.3755
3.13788 54.6107
3.26299 57.011
3.38811 59.4727
3.51322 61.7419
3.63834 63.8366
3.76345 66.2236
3.88857 68.5093
4.01368 70.9399
4.1388 73.1801
4.26391 75.4107
4.38903 77.6774
4.51414 79.8694
4.63926 82.1473
4.76437 84.3597
4.88949 86.6705
5.0146 89.1471
5.13972 91.3121
5.26483 93.3759
5.38995 95.66
5.51507 97.8799
5.64018 100.035
5.7653 102.315
5.89041 104.652
6.01553 106.946
6.14064 109.183
6.26576 111.375
6.39087 113.557
6.51599 115.775
6.6411 118.039
6.76622 120.287
6.89133 122.478
7.01645 124.656
7.14156 126.881
7.26668 129.122
7.39179 131.288
7.51691 133.376
7.64202 135.487
7.76714 137.686
7.89225 139.923
8.01737 142.128
8.14248 144.313
8.2676 146.521
8.39271 148.765
8.51783 151.012
8.64294 153.231
8.76806 155.44
8.89317 157.673
9.01829 159.91
9.1434 162.076
9.26852 164.104
9.39363 166.075
9.51875 168.132
9.64386 170.371
9.76898 172.726
9.89409 175.093
10.0192 177.394
10.1443 179.634
10.2694 181.833
10.3946 184.016
10.5197 186.193
10.6448 188.372
10.7699 190.554
10.895 192.738
11.0201 194.922
11.1452 197.104
11.2704 199.285
11.3955 201.465
11.5206 203.646
11.6457 205.827
11.7708 208.007
11.8959 210.188
12.0211 212.368
12.1462 214.548
12.2713 216.728
12.3964 218.908
12.5215 221.087
12.6466 223.267
12.7717 225.446
12.8969 227.626
13.022 229.805
13.1471 231.985
13.2722 234.164
13.3973 236.344
13.5224 238.523
13.6475 240.702
13.7727 242.881
13.8978 245.06
14.0229 247.24
14.148 249.419
14.2731 251.598
14.3982 253.778
14.5234 255.958
14.6485 258.138
14.7736 260.318
14.8987 262.498
15.0238 264.677
15.1489 266.857
15.274 269.037
15.3992 271.217
15.5243 273.398
15.6494 275.579
15.7745 277.76
15.8996 279.941
16.0247 282.123
16.1498 284.304
16.275 286.486
16.4001 288.668
16.5252 290.849
16.6503 293.031
16.7754 295.213
16.9005 297.395
17.0257 299.577
17.1508 301.758
17.2759 303.94
17.401 306.121
17.5261 308.304
17.6512 310.486
17.7763 312.67
17.9015 314.855
18.0266 317.039
18.1517 319.225
18.2768 321.409
18.4019 323.594
18.527 325.778
18.6522 327.962
18.7773 330.146
18.9024 332.331
19.0275 334.516
19.1526 336.702
19.2777 338.888
19.4028 341.075
19.528 343.262
19.6531 345.449
19.7782 347.636
19.9033 349.824
20.0284 352.011
20.1535 354.199
20.2786 356.387
20.4038 358.575
20.5289 360.763
20.654 362.952
20.7791 365.14
20.9042 367.329
21.0293 369.518
21.1545 371.706
21.2796 373.895
21.4047 376.084
21.5298 378.273
21.6549 380.462
21.78 382.652
21.9051 384.842
22.0303 387.032
22.1554 389.223
22.2805 391.414
22.4056 393.606
22.5307 395.798
22.6558 397.99
22.781 400.183
22.9061 402.377
23.0312 404.57
23.1563 406.765
23.2814 408.959
23.4065 411.154
23.5316 413.349
23.6568 415.544
23.7819 417.739
23.907 419.934
24.0321 422.129
24.1572 424.324
24.2823 426.519
24.4074 428.714
24.5326 430.909
24.6577 433.105
24.7828 435.301
24.9079 437.498
25.033 439.695
25.1581 441.892
25.2833 444.089
25.4084 446.287
25.5335 448.485
25.6586 450.683
25.7837 452.881
25.9088 455.079
26.0339 457.278
26.1591 459.476
26.2842 461.675
26.4093 463.874
26.5344 466.074
26.6595 468.273
26.7846 470.474
26.9097 472.674
27.0349 474.875
27.16 477.076
27.2851 479.278
27.4102 481.479
27.5353 483.681
27.6604 485.883
27.7856 488.086
27.9107 490.288
28.0358 492.491
28.1609 494.694
28.286 496.897
28.4111 499.1
28.5362 501.304
28.6614 503.508
28.7865 505.712
28.9116 507.916
29.0367 510.121
29.1618 512.326
29.2869 514.531
29.4121 516.736
29.5372 518.942
29.6623 521.148
29.7874 523.353
29.9125 525.56
30.0376 527.766
30.1627 529.973
30.2879 532.179
30.413 534.386
30.5381 536.593
30.6632 538.8
30.7883 541.008
30.9134 543.215
31.0385 545.423
31.1637 547.631
31.2888 549.839
31.4139 552.048
31.539 554.257
31.6641 556.466
31.7892 558.675
31.9144 560.885
32.0395 563.095
32.1646 565.305
32.2897 567.515
32.4148 569.726
32.5399 571.937
32.665 574.148
32.7902 576.359
32.9153 578.571
33.0404 580.783
33.1655 582.994
33.2906 585.206
33.4157 587.418
33.5409 589.63
33.666 591.842
33.7911 594.053
33.9162 596.265
34.0413 598.478
34.1664 600.69
34.2915 602.903
34.4167 605.117
34.5418 607.331
34.6669 609.547
34.792 611.763
34.9171 613.98
35.0422 616.198
35.1673 618.417
35.2925 620.637
35.4176 622.857
35.5427 625.077
35.6678 627.297
35.7929 629.516
35.918 631.735
36.0432 633.952
36.1683 636.169
36.2934 638.384
36.4185 640.599
36.5436 642.812
36.6687 645.025
36.7938 647.237
36.919 649.449
37.0441 651.661
37.1692 653.874
37.2943 656.087
37.4194 658.301
37.5445 660.516
37.6696 662.732
37.7948 664.949
37.9199 667.167
38.045 669.387
38.1701 671.607
38.2952 673.827
38.4203 676.048
38.5455 678.27
38.6706 680.491
38.7957 682.713
38.9208 684.935
39.0459 687.156
39.171 689.378
39.2961 691.6
39.4213 693.821
39.5464 696.043
39.6715 698.265
39.7966 700.487
39.9217 702.709
40.0468 704.932
40.172 707.154
40.2971 709.377
40.4222 711.601
40.5473 713.824
40.6724 716.048
40.7975 718.272
40.9226 720.496
41.0478 722.721
41.1729 724.945
41.298 727.17
41.4231 729.395
41.5482 731.62
41.6733 733.845
41.7984 736.071
41.9236 738.296
42.0487 740.521
42.1738 742.747
42.2989 744.973
42.424 747.198
42.5491 749.424
42.6743 751.65
42.7994 753.876
42.9245 756.103
43.0496 758.329
43.1747 760.555
43.2998 762.782
43.4249 765.009
43.5501 767.236
43.6752 769.463
43.8003 771.69
43.9254 773.917
44.0505 776.145
44.1756 778.372
44.3008 780.6
44.4259 782.828
44.551 785.056
44.6761 787.285
44.8012 789.513
44.9263 791.742
45.0514 793.971
45.1766 796.2
45.3017 798.43
45.4268 800.659
45.5519 802.889
45.677 805.119
45.8021 807.349
45.9272 809.58
46.0524 811.81
46.1775 814.041
46.3026 816.272
46.4277 818.503
46.5528 820.735
46.6779 822.966
46.8031 825.198
46.9282 827.429
47.0533 829.661
47.1784 831.893
47.3035 834.125
47.4286 836.356
47.5537 838.588
47.6789 840.82
47.804 843.052
47.9291 845.284
48.0542 847.516
48.1793 849.749
48.3044 851.981
48.4295 854.214
48.5547 856.447
48.6798 858.68
48.8049 860.913
48.93 863.147
49.0551 865.381
49.1802 867.615
49.3054 869.85
49.4305 872.085
49.5556 874.32
49.6807 876.555
49.8058 878.791
49.9309 881.027
50.056 883.263
50.1812 885.499
50.3063 887.735
50.4314 889.972
50.5565 892.208
50.6816 894.445
50.8067 896.681
50.9319 898.918
51.057 901.154
51.1821 903.391
51.3072 905.627
51.4323 907.864
51.5574 910.1
51.6825 912.337
51.8077 914.574
51.9328 916.81
52.0579 919.047
52.183 921.284
52.3081 923.522
52.4332 925.759
52.5583 927.996
52.6835 930.234
52.8086 932.472
52.9337 934.71
53.0588 936.948
53.1839 939.187
53.309 941.425
53.4342 943.664
53.5593 945.903
53.6844 948.142
53.8095 950.382
53.9346 952.621
54.0597 954.861
54.1848 957.1
54.31 959.34
54.4351 961.58
54.5602 963.821
54.6853 966.061
54.8104 968.301
54.9355 970.542
55.0607 972.782
55.1858 975.023
55.3109 977.264
55.436 979.504
55.5611 981.745
55.6862 983.986
55.8113 986.227
55.9365 988.469
56.0616 990.71
56.1867 992.951
56.3118 995.193
56.4369 997.434
56.562 999.676
56.6871 1001.92
56.8123 1004.16
56.9374 1006.4
57.0625 1008.64
57.1876 1010.89
57.3127 1013.13
57.4378 1015.37
57.563 1017.61
57.6881 1019.86
57.8132 1022.1
57.9383 1024.34
58.0634 1026.59
58.1885 1028.83
58.3136 1031.07
58.4388 1033.32
58.5639 1035.56
58.689 1037.81
58.8141 1040.05
58.9392 1042.3
59.0643 1044.54
59.1894 1046.79
59.3146 1049.03
59.4397 1051.28
59.5648 1053.52
59.6899 1055.77
59.815 1058.02
59.9401 1060.26
60.0653 1062.51
60.1904 1064.75
60.3155 1067
60.4406 1069.25
60.5657 1071.5
60.6908 1073.74
60.8159 1075.99
60.9411 1078.24
61.0662 1080.48
61.1913 1082.73
61.3164 1084.98
61.4415 1087.22
61.5666 1089.47
61.6918 1091.72
61.8169 1093.97
61.942 1096.21
62.0671 1098.46
62.1922 1100.71
62.3173 1102.95
62.4424 1105.2
62.5676 1107.45
62.6927 1109.7
62.8178 1111.94
62.9429 1114.19
63.068 1116.44
63.1931 1118.69
63.3182 1120.93
63.4434 1123.18
63.5685 1125.43
63.6936 1127.68
63.8187 1129.92
63.9438 1132.17
64.0689 1134.42
64.1941 1136.67
64.3192 1138.92
64.4443 1141.17
64.5694 1143.42
64.6945 1145.66
64.8196 1147.91
64.9447 1150.16
65.0699 1152.41
65.195 1154.66
65.3201 1156.91
65.4452 1159.16
65.5703 1161.41
65.6954 1163.66
65.8206 1165.91
65.9457 1168.16
66.0708 1170.41
66.1959 1172.66
66.321 1174.91
66.4461 1177.16
66.5712 1179.42
66.6964 1181.67
66.8215 1183.92
66.9466 1186.17
67.0717 1188.42
67.1968 1190.67
67.3219 1192.92
67.447 1195.18
67.5722 1197.43
67.6973 1199.68
67.8224 1201.93
67.9475 1204.18
68.0726 1206.44
68.1977 1208.69
68.3229 1210.94
68.448 1213.2
68.5731 1215.45
68.6982 1217.7
68.8233 1219.95
68.9484 1222.21
69.0735 1224.46
69.1987 1226.72
69.3238 1228.97
69.4489 1231.22
69.574 1233.48
69.6991 1235.73
69.8242 1237.98
69.9493 1240.24
70.0745 1242.49
70.1996 1244.74
70.3247 1247
70.4498 1249.25
70.5749 1251.5
70.7 1253.76
70.8252 1256.01
70.9503 1258.26
71.0754 1260.52
71.2005 1262.77
71.3256 1265.02
71.4507 1267.27
71.5758 1269.53
71.701 1271.78
71.8261 1274.03
71.9512 1276.29
72.0763 1278.54
72.2014 1280.79
72.3265 1283.04
72.4517 1285.3
72.5768 1287.55
72.7019 1289.81
72.827 1292.06
72.9521 1294.31
73.0772 1296.57
73.2023 1298.82
73.3275 1301.08
73.4526 1303.33
73.5777 1305.59
73.7028 1307.84
73.8279 1310.1
73.953 1312.36
74.0781 1314.61
74.2033 1316.87
74.3284 1319.13
74.4535 1321.39
74.5786 1323.65
74.7037 1325.9
74.8288 1328.16
74.954 1330.42
75.0791 1332.68
75.2042 1334.94
75.3293 1337.2
75.4544 1339.46
75.5795 1341.72
75.7046 1343.98
75.8298 1346.24
75.9549 1348.5
76.08 1350.76
76.2051 1353.02
76.3302 1355.27
76.4553 1357.53
76.5805 1359.79
76.7056 1362.05
76.8307 1364.31
76.9558 1366.57
77.0809 1368.83
77.206 1371.09
77.3311 1373.35
77.4563 1375.61
77.5814 1377.86
77.7065 1380.12
77.8316 1382.38
77.9567 1384.64
78.0818 1386.9
78.2069 1389.16
78.3321 1391.42
78.4572 1393.68
78.5823 1395.93
78.7074 1398.19
78.8325 1400.45
78.9576 1402.71
79.0828 1404.97
79.2079 1407.23
79.333 1409.49
79.4581 1411.75
79.5832 1414.01
79.7083 1416.27
79.8334 1418.53
79.9586 1420.79
80.0837 1423.05
80.2088 1425.31
80.3339 1427.57
80.459 1429.83
80.5841 1432.1
80.7092 1434.36
80.8344 1436.62
80.9595 1438.88
81.0846 1441.14
81.2097 1443.4
81.3348 1445.66
81.4599 1447.93
81.5851 1450.19
81.7102 1452.45
81.8353 1454.71
81.9604 1456.97
82.0855 1459.24
82.2106 1461.5
82.3357 1463.76
82.4609 1466.02
82.586 1468.29
82.7111 1470.55
82.8362 1472.81
82.9613 1475.08
83.0864 1477.34
83.2116 1479.6
83.3367 1481.86
83.4618 1484.13
83.5869 1486.39
83.712 1488.65
83.8371 1490.92
83.9622 1493.18
84.0874 1495.44
84.2125 1497.7
84.3376 1499.97
84.4627 1502.23
84.5878 1504.49
84.7129 1506.76
84.838 1509.02
84.9632 1511.28
85.0883 1513.55
85.2134 1515.81
85.3385 1518.07
85.4636 1520.34
85.5887 1522.6
85.7139 1524.86
85.839 1527.13
85.9641 1529.39
86.0892 1531.65
86.2143 1533.92
86.3394 1536.18
86.4645 1538.44
86.5897 1540.71
86.7148 1542.97
86.8399 1545.23
86.965 1547.5
87.0901 1549.76
87.2152 1552.02
87.3404 1554.29
87.4655 1556.55
87.5906 1558.82
87.7157 1561.08
87.8408 1563.34
87.9659 1565.61
88.091 1567.87
88.2162 1570.13
88.3413 1572.4
88.4664 1574.66
88.5915 1576.93
88.7166 1579.19
88.8417 1581.45
88.9668 1583.72
89.092 1585.98
89.2171 1588.25
89.3422 1590.51
89.4673 1592.78
89.5924 1595.04
89.7175 1597.3
89.8427 1599.57
89.9678 1601.83
90.0929 1604.1
90.218 1606.36
90.3431 1608.63
90.4682 1610.89
90.5933 1613.16
90.7185 1615.42
90.8436 1617.69
90.9687 1619.95
91.0938 1622.22
91.2189 1624.48
91.344 1626.75
91.4691 1629.01
91.5943 1631.28
91.7194 1633.54
91.8445 1635.81
91.9696 1638.07
92.0947 1640.34
92.2198 1642.61
92.345 1644.87
92.4701 1647.14
92.5952 1649.4
92.7203 1651.67
92.8454 1653.94
92.9705 1656.2
93.0956 1658.47
93.2208 1660.74
93.3459 1663
93.471 1665.27
93.5961 1667.54
93.7212 1669.8
93.8463 1672.07
93.9715 1674.34
94.0966 1676.6
94.2217 1678.87
94.3468 1681.14
94.4719 1683.41
94.597 1685.67
94.7221 1687.94
94.8473 1690.21
94.9724 1692.48
95.0975 1694.74
95.2226 1697.01
95.3477 1699.28
95.4728 1701.55
95.5979 1703.82
95.7231 1706.08
95.8482 1708.35
95.9733 1710.62
96.0984 1712.89
96.2235 1715.16
96.3486 1717.43
96.4738 1719.7
96.5989 1721.97
96.724 1724.23
96.8491 1726.5
96.9742 1728.77
97.0993 1731.04
97.2244 1733.31
97.3496 1735.58
97.4747 1737.85
97.5998 1740.12
97.7249 1742.39
97.85 1744.66
97.9751 1746.93
98.1003 1749.2
98.2254 1751.47
98.3505 1753.74
98.4756 1756.01
98.6007 1758.28
98.7258 1760.55
98.8509 1762.82
98.9761 1765.09
99.1012 1767.36
99.2263 1769.63
99.3514 1771.9
99.4765 1774.17
99.6016 1776.44
99.7267 1778.71
99.8519 1780.98
99.977 1783.25
100.102 1785.52
100.227 1787.79
100.352 1790.06
100.477 1792.33
100.603 1794.6
100.728 1796.88
100.853 1799.15
100.978 1801.42
101.103 1803.69
101.228 1805.96
101.353 1808.23
101.478 1810.5
101.603 1812.77
101.729 1815.04
101.854 1817.31
101.979 1819.59
102.104 1821.86
102.229 1824.13
102.354 1826.4
102.479 1828.67
102.604 1830.94
102.73 1833.21
102.855 1835.48
102.98 1837.76
103.105 1840.03
103.23 1842.3
103.355 1844.57
103.48 1846.84
103.605 1849.11
103.73 1851.38
103.856 1853.66
103.981 1855.93
104.106 1858.2
104.231 1860.47
104.356 1862.74
104.481 1865.01
104.606 1867.28
104.731 1869.56
104.856 1871.83
104.982 1874.1
105.107 1876.37
105.232 1878.64
105.357 1880.92
105.482 1883.19
105.607 1885.46
105.732 1887.73
105.857 1890
105.983 1892.28
106.108 1894.55
106.233 1896.82
106.358 1899.09
106.483 1901.36
106.608 1903.64
106.733 1905.91
106.858 1908.18
106.983 1910.45
107.109 1912.73
107.234 1915
107.359 1917.27
107.484 1919.54
107.609 1921.82
107.734 1924.09
107.859 1926.36
107.984 1928.63
108.109 1930.91
108.235 1933.18
108.36 1935.45
108.485 1937.73
108.61 1940
108.735 1942.27
108.86 1944.55
108.985 1946.82
109.11 1949.09
109.235 1951.37
109.361 1953.64
109.486 1955.91
109.611 1958.19
109.736 1960.46
109.861 1962.73
109.986 1965.01
110.111 1967.28
110.236 1969.55
110.362 1971.83
110.487 1974.1
110.612 1976.38
110.737 1978.65
110.862 1980.92
110.987 1983.2
111.112 1985.47
111.237 1987.75
111.362 1990.02
111.488 1992.29
111.613 1994.57
111.738 1996.84
111.863 1999.12
111.988 2001.39
112.113 2003.67
112.238 2005.94
112.363 2008.22
112.488 2010.49
112.614 2012.77
112.739 2015.04
112.864 2017.31
112.989 2019.59
113.114 2021.86
113.239 2024.14
113.364 2026.41
113.489 2028.69
113.615 2030.97
113.74 2033.24
113.865 2035.52
113.99 2037.79
114.115 2040.07
114.24 2042.34
114.365 2044.62
114.49 2046.89
114.615 2049.17
114.741 2051.44
114.866 2053.72
114.991 2056
115.116 2058.27
115.241 2060.55
115.366 2062.82
115.491 2065.1
115.616 2067.38
115.741 2069.65
115.867 2071.93
115.992 2074.2
116.117 2076.48
116.242 2078.76
116.367 2081.03
116.492 2083.31
116.617 2085.59
116.742 2087.86
116.868 2090.14
116.993 2092.41
117.118 2094.69
117.243 2096.97
117.368 2099.24
117.493 2101.52
117.618 2103.8
117.743 2106.08
117.868 2108.35
117.994 2110.63
118.119 2112.91
118.244 2115.18
118.369 2117.46
118.494 2119.74
118.619 2122.01
118.744 2124.29
118.869 2126.57
118.994 2128.85
119.12 2131.12
119.245 2133.4
119.37 2135.68
119.495 2137.95
119.62 2140.23
119.745 2142.51
119.87 2144.79
119.995 2147.06
120.121 2149.34
120.246 2151.62
120.371 2153.9
120.496 2156.17
120.621 2158.45
120.746 2160.73
120.871 2163.01
120.996 2165.28
121.121 2167.56
121.247 2169.84
121.372 2172.12
121.497 2174.39
121.622 2176.67
121.747 2178.95
121.872 2181.23
121.997 2183.51
122.122 2185.78
122.247 2188.06
122.373 2190.34
122.498 2192.62
122.623 2194.89
122.748 2197.17
122.873 2199.45
122.998 2201.73
123.123 2204.01
123.248 2206.29
123.374 2208.56
123.499 2210.84
123.624 2213.12
123.749 2215.4
123.874 2217.68
123.999 2219.96
124.124 2222.23
124.249 2224.51
124.374 2226.79
124.5 2229.07
124.625 2231.35
124.75 2233.63
124.875 2235.91
125 2238.18