100 40.2659
104.713 42.3388
109.648 44.5203
114.815 46.7904
120.226 49.1807
125.893 51.6757
131.826 54.2921
138.038 57.0301
144.544 59.8976
151.356 62.8966
158.489 66.034
165.959 69.3217
173.78 72.7676
181.97 76.3562
190.546 80.1375
199.526 84.0841
208.93 88.2114
218.776 92.5271
229.087 97.0494
239.883 101.778
251.189 106.729
263.027 111.92
275.423 117.352
288.403 123.01
301.995 128.957
316.228 135.181
331.131 141.657
346.737 148.448
363.078 155.573
380.189 162.998
398.107 170.78
416.869 178.925
436.516 187.441
457.088 196.367
478.63 205.681
501.187 215.399
524.807 225.608
549.541 236.261
575.44 247.4
602.56 259.04
630.957 271.23
660.693 283.927
691.831 297.259
724.436 311.168
758.578 325.713
794.328 340.89
831.764 356.802
870.964 373.411
912.011 390.787
954.993 408.849
1000 427.791
1047.13 447.577
1096.48 468.278
1148.15 489.877
1202.26 512.374
1258.93 535.958
1318.26 560.485
1380.38 586.114
1445.44 612.876
1513.56 640.829
1584.89 670.041
1659.59 700.501
1737.8 732.351
1819.7 765.428
1905.46 800.004
1995.26 836.075
2089.3 873.707
2187.76 912.86
2290.87 953.564
2398.83 996.239
2511.89 1040.61
2630.27 1086.7
2754.23 1134.86
2884.03 1185.02
3019.95 1237.27
3162.28 1291.62
3311.31 1348.09
3467.37 1406.98
3630.78 1468.21
3801.89 1531.76
3981.07 1598.31
4168.69 1667.19
4365.16 1738.74
4570.88 1813.18
4786.3 1890.6
5011.87 1970.84
5248.07 2054.32
5495.41 2141.09
5754.4 2230.98
6025.6 2324.49
6309.57 2421.08
6606.93 2521.77
6918.31 2625.92
7244.36 2733.4
7585.78 2845.78
7943.28 2961.67
8317.64 3082.23
8709.64 3206.88
9120.11 3336.06
9549.93 3468.84
10000 3607.62
10471.3 3750.59
10964.8 3897.48
11481.5 4051.12
12022.6 4208.87
12589.3 4371.93
13182.6 4541.08
13803.8 4715.28
14454.4 4894.84
15135.6 5080.86
15848.9 5272.61
16595.9 5470.47
17378 5674.02
18197 5884.95
19054.6 6100.96
19952.6 6324.35
20893 6555.38
21877.6 6793.44
22908.7 7038.28
23988.3 7289.89
25118.9 7549.16
26302.7 7815.37
27542.3 8090.33
28840.3 8373.17
30199.5 8661.55
31622.8 8960.96
33113.1 9267.59
34673.7 9582.73
36307.8 9906.57
38018.9 10240.2
39810.7 10580.3
41686.9 10931.6
43651.6 11291.8
45708.8 11660.5
47863 12039.3
50118.7 12428.6
52480.7 12826.7
54954.1 13236.2
57544 13655
60256 14085.3
63095.7 14523.7
66069.3 14974.8
69183.1 15438
72443.6 15911.7
75857.8 16397.1
79432.8 16893.3
83176.4 17402.5
87096.4 17922.6
91201.1 18453.4
95499.3 18998.2
100000 19555.6
104713 20126.2
109648 20708.7
114815 21304.1
120226 21913.9
125893 22535.2
131826 23176.3
138038 23825.5
144544 24491.1
151356 25169
158489 25864.7
165959 26572.6
173780 27298.4
181970 28036.6
190546 28794
199526 29564.7
208930 30352.4
218776 31159.3
229087 31983
239883 32821.7
251189 33676.8
263027 34550
275423 35440.4
288403 36346.8
301995 37278.9
316228 38223.4
331131 39191.1
346737 40173
363078 41180.7
380189 42205
398107 43250.9
416869 44318
436516 45402.5
457088 46511.3
478630 47640.5
501187 48792
524807 49968.9
549541 51157.3
575440 52381
602560 53626.9
630957 54897.7
660693 56185.6
691831 57502.7
724436 58845.5
758578 60212.1
794328 61599.1
831764 63021.6
870964 64465.8
912011 65940.4
954993 67445.1
1e+06 68976.1
1.04713e+06 70539.9
1.09648e+06 72117.8
1.14815e+06 73734.7
1.20226e+06 75388.3
1.25893e+06 77057.1
1.31826e+06 78777.8
1.38038e+06 80506.9
1.44544e+06 82274.9
1.51356e+06 84082.2
1.58489e+06 85923.3
1.65959e+06 87795.2
1.7378e+06 89698.6
1.8197e+06 91638.2
1.90546e+06 93606.4
1.99526e+06 95615.4
2.0893e+06 97665.9
2.18776e+06 99751.6
2.29087e+06 101869
2.39883e+06 104027
2.51189e+06 106233
2.63027e+06 108459
2.75423e+06 110750
2.88403e+06 113057
3.01995e+06 115419
3.16228e+06 117831
3.31131e+06 120273
3.46737e+06 122769
3.63078e+06 125291
3.80189e+06 127861
3.98107e+06 130488
4.16869e+06 133158
4.36516e+06 135883
4.57088e+06 138645
4.7863e+06 141460
5.01187e+06 144317
5.24807e+06 147212
5.49541e+06 150186
5.7544e+06 153193
6.0256e+06 156250
6.30957e+06 159375
6.60693e+06 162545
6.91831e+06 165776
7.24436e+06 169064
7.58578e+06 172389
7.94328e+06 175793
8.31764e+06 179234
8.70964e+06 182747
9.12011e+06 186319
9.54993e+06 189968
1e+07 193645
1.04713e+07 197421
1.09648e+07 201226
1.14815e+07 205109
1.20226e+07 209052
1.25893e+07 213087
1.31826e+07 217167
1.38038e+07 221329
1.44544e+07 225545
1.51356e+07 229841
1.58489e+07 234185
1.65959e+07 238626
1.7378e+07 243166
1.8197e+07 247744
1.90546e+07 252397
1.99526e+07 257159
2.0893e+07 261974
2.18776e+07 266844
2.29087e+07 271828
2.39883e+07 276920
2.51189e+07 282043
2.63027e+07 287293
2.75423e+07 292589
2.88403e+07 297981
3.01995e+07 303458
3.16228e+07 309041
3.31131e+07 314703
3.46737e+07 320452
3.63078e+07 326293
3.80189e+07 332256
3.98107e+07 338301
4.16869e+07 344427
4.36516e+07 350671
4.57088e+07 357017
4.7863e+07 363450
5.01187e+07 369988
5.24807e+07 376622
5.49541e+07 383404
5.7544e+07 390221
6.0256e+07 397213
6.30957e+07 404297
6.60693e+07 411470
6.91831e+07 418782
7.24436e+07 426210
7.58578e+07 433739
7.94328e+07 441389
8.31764e+07 449193
8.70964e+07 457056
9.12011e+07 465054
9.54993e+07 473206
1e+08 481496
1.04713e+08 489867
1.09648e+08 498434
1.14815e+08 507058
1.20226e+08 515870
1.25893e+08 524789
1.31826e+08 533865
1.38038e+08 543032
1.44544e+08 552402
1.51356e+08 561880
1.58489e+08 571525
1.65959e+08 581301
1.7378e+08 591243
1.8197e+08 601365
1.90546e+08 611590
1.99526e+08 621963
2.0893e+08 632484
2.18776e+08 643213
2.29087e+08 654085
2.39883e+08 665131
2.51189e+08 676286
2.63027e+08 687691
2.75423e+08 699234
2.88403e+08 710933
3.01995e+08 722795
3.16228e+08 734842
3.31131e+08 747074
3.46737e+08 759546
3.63078e+08 772115
3.80189e+08 784934
3.98107e+08 797947
4.16869e+08 811109
4.36516e+08 824463
4.57088e+08 838020
4.7863e+08 851804
5.01187e+08 865732
5.24807e+08 879965
5.49541e+08 894343
5.7544e+08 908882
6.0256e+08 923753
6.30957e+08 938762
6.60693e+08 953987
6.91831e+08 969463
7.24436e+08 985101
7.58578e+08 1.00103e+06
7.94328e+08 1.01718e+06
8.31764e+08 1.03355e+06
8.70964e+08 1.05016e+06
9.12011e+08 1.06698e+06
9.54993e+08 1.08405e+06
1e+09 1.1014e+06
1.04713e+09 1.11897e+06
1.09648e+09 1.13676e+06
1.14815e+09 1.15484e+06
1.20226e+09 1.17323e+06
1.25893e+09 1.19184e+06
1.31826e+09 1.2107e+06
1.38038e+09 1.22986e+06
1.44544e+09 1.24931e+06
1.51356e+09 1.26888e+06
1.58489e+09 1.28892e+06
1.65959e+09 1.30912e+06
1.7378e+09 1.32969e+06
1.8197e+09 1.35049e+06
1.90546e+09 1.37162e+06
1.99526e+09 1.39299e+06
2.0893e+09 1.41471e+06
2.18776e+09 1.43666e+06
2.29087e+09 1.45891e+06
2.39883e+09 1.48154e+06
2.51189e+09 1.50441e+06
2.63027e+09 1.52764e+06
2.75423e+09 1.55115e+06
2.88403e+09 1.57508e+06
3.01995e+09 1.59929e+06
3.16228e+09 1.62368e+06
3.31131e+09 1.64864e+06
3.46737e+09 1.67394e+06
3.63078e+09 1.69943e+06
3.80189e+09 1.72531e+06
3.98107e+09 1.75157e+06
4.16869e+09 1.77817e+06
4.36516e+09 1.80513e+06
4.57088e+09 1.83252e+06
4.7863e+09 1.86013e+06
5.01187e+09 1.8882e+06
5.24807e+09 1.91662e+06
5.49541e+09 1.94548e+06
5.7544e+09 1.97465e+06
6.0256e+09 2.00427e+06
6.30957e+09 2.03427e+06
6.60693e+09 2.06453e+06
6.91831e+09 2.09527e+06
7.24436e+09 2.12648e+06
7.58578e+09 2.15807e+06
7.94328e+09 2.18999e+06
8.31764e+09 2.22233e+06
8.70964e+09 2.25507e+06
9.12011e+09 2.28825e+06
9.54993e+09 2.32184e+06
1e+10 2.35597e+06
1.04713e+10 2.39043e+06
1.09648e+10 2.42531e+06
1.14815e+10 2.4607e+06
1.20226e+10 2.49645e+06
1.25893e+10 2.53272e+06
1.31826e+10 2.5694e+06
1.38038e+10 2.60638e+06
1.44544e+10 2.64395e+06
1.51356e+10 2.68204e+06
1.58489e+10 2.72042e+06
1.65959e+10 2.7595e+06
1.7378e+10 2.79876e+06
1.8197e+10 2.83864e+06
1.90546e+10 2.87903e+06
1.99526e+10 2.91957e+06
2.0893e+10 2.96091e+06
2.18776e+10 3.00273e+06
2.29087e+10 3.04484e+06
2.39883e+10 3.08749e+06
2.51189e+10 3.1305e+06
2.63027e+10 3.17411e+06
2.75423e+10 3.21819e+06
2.88403e+10 3.26272e+06
3.01995e+10 3.30782e+06
3.16228e+10 3.35305e+06
3.31131e+10 3.39897e+06
3.46737e+10 3.44533e+06
3.63078e+10 3.49228e+06
3.80189e+10 3.53967e+06
3.98107e+10 3.5874e+06
4.16869e+10 3.63536e+06
4.36516e+10 3.68406e+06
4.57088e+10 3.73319e+06
4.7863e+10 3.78286e+06
5.01187e+10 3.83261e+06
5.24807e+10 3.88305e+06
5.49541e+10 3.93374e+06
5.7544e+10 3.98493e+06
6.0256e+10 4.03672e+06
6.30957e+10 4.08847e+06
6.60693e+10 4.14101e+06
6.91831e+10 4.19371e+06
7.24436e+10 4.24681e+06
7.58578e+10 4.30032e+06
7.94328e+10 4.35424e+06
8.31764e+10 4.40837e+06
8.70964e+10 4.46262e+06
9.12011e+10 4.51764e+06
9.54993e+10 4.57247e+06
1e+11 4.62772e+06
1.04713e+11 4.68349e+06
1.09648e+11 4.73939e+06
1.14815e+11 4.79529e+06
1.20226e+11 4.85155e+06
1.25893e+11 4.90798e+06
1.31826e+11 4.96451e+06
1.38038e+11 5.02145e+06
1.44544e+11 5.07849e+06
1.51356e+11 5.13535e+06
1.58489e+11 5.19259e+06
1.65959e+11 5.24965e+06
1.7378e+11 5.30687e+06
1.8197e+11 5.36417e+06
1.90546e+11 5.42136e+06
1.99526e+11 5.47865e+06
2.0893e+11 5.53572e+06
2.18776e+11 5.59296e+06
2.29087e+11 5.65006e+06
2.39883e+11 5.70698e+06
2.51189e+11 5.76366e+06
2.63027e+11 5.82028e+06
2.75423e+11 5.87667e+06
2.88403e+11 5.93267e+06
3.01995e+11 5.98869e+06
3.16228e+11 6.04438e+06
3.31131e+11 6.0999e+06
3.46737e+11 6.15502e+06
3.63078e+11 6.20984e+06
3.80189e+11 6.26408e+06
3.98107e+11 6.3183e+06
4.16869e+11 6.37187e+06
4.36516e+11 6.42507e+06
4.57088e+11 6.47785e+06
4.7863e+11 6.53043e+06
5.01187e+11 6.5821e+06
5.24807e+11 6.6336e+06
5.49541e+11 6.68438e+06
5.7544e+11 6.73469e+06
6.0256e+11 6.78448e+06
6.30957e+11 6.83373e+06
6.60693e+11 6.88246e+06
6.91831e+11 6.93062e+06
7.24436e+11 6.97815e+06
7.58578e+11 7.02499e+06
7.94328e+11 7.07118e+06
8.31764e+11 7.11699e+06
8.70964e+11 7.16189e+06
9.12011e+11 7.20625e+06
9.54993e+11 7.25e+06
1e+12 7.25e+06