100 23.9706
104.713 25.2496
109.648 26.5919
114.815 28.0001
120.226 29.4776
125.893 31.0242
131.826 32.6513
138.038 34.3543
144.544 36.1356
151.356 38.006
158.489 39.9717
165.959 42.025
173.78 44.1856
181.97 46.4434
190.546 48.8227
199.526 51.3094
208.93 53.908
218.776 56.6398
229.087 59.5064
239.883 62.5004
251.189 65.6495
263.027 68.9471
275.423 72.3939
288.403 76.0261
301.995 79.8168
316.228 83.7959
331.131 87.9568
346.737 92.3118
363.078 96.8979
380.189 101.681
398.107 106.698
416.869 111.966
436.516 117.475
457.088 123.245
478.63 129.308
501.187 135.635
524.807 142.253
549.541 149.213
575.44 156.48
602.56 164.094
630.957 172.098
660.693 180.44
691.831 189.206
724.436 198.367
758.578 207.946
794.328 218
831.764 228.488
870.964 239.507
912.011 251.086
954.993 263.106
1000 275.73
1047.13 288.911
1096.48 302.717
1148.15 317.177
1202.26 332.325
1258.93 348.127
1318.26 364.641
1380.38 381.974
1445.44 400.006
1513.56 418.969
1584.89 438.789
1659.59 459.529
1737.8 481.225
1819.7 503.772
1905.46 527.332
1995.26 552.076
2089.3 577.845
2187.76 604.797
2290.87 632.822
2398.83 662.237
2511.89 693.022
2630.27 724.926
2754.23 758.345
2884.03 793.308
3019.95 829.757
3162.28 867.699
3311.31 907.209
3467.37 948.567
3630.78 991.65
3801.89 1036.58
3981.07 1083.6
4168.69 1132.35
4365.16 1183.19
4570.88 1236.18
4786.3 1291.29
5011.87 1348.76
5248.07 1408.66
5495.41 1471.04
5754.4 1535.77
6025.6 1603.27
6309.57 1673.38
6606.93 1746.3
6918.31 1822.11
7244.36 1900.88
7585.78 1982.76
7943.28 2067.85
8317.64 2156.81
8709.64 2248.6
9120.11 2344.19
9549.93 2443.19
10000 2546.29
10471.3 2652.76
10964.8 2763.14
11481.5 2878.15
12022.6 2997.31
12589.3 3120.82
13182.6 3248.95
13803.8 3381.06
14454.4 3517.93
15135.6 3660.02
15848.9 3806.61
16595.9 3959.6
17378 4116.42
18197 4279.62
19054.6 4448.37
19952.6 4622.23
20893 4802.76
21877.6 4988.86
22908.7 5181.48
23988.3 5380.2
25118.9 5585.64
26302.7 5797.24
27542.3 6016.45
28840.3 6242.65
30199.5 6474.54
31622.8 6714.37
33113.1 6962.07
34673.7 7217.85
36307.8 7481.04
38018.9 7752.54
39810.7 8031.13
41686.9 8318.92
43651.6 8615.91
45708.8 8921.13
47863 9235.27
50118.7 9557.76
52480.7 9890.04
54954.1 10231.9
57544 10583.7
60256 10946.4
63095.7 11316.3
66069.3 11697.5
69183.1 12091.5
72443.6 12496.4
75857.8 12911.4
79432.8 13335.6
83176.4 13773.7
87096.4 14222.6
91201.1 14683.2
95499.3 15155.6
100000 15639.4
104713 16136.2
109648 16647.2
114815 17167.5
120226 17706.2
125893 18257.1
131826 18820.3
138038 19396.4
144544 19986.3
151356 20593.5
158489 21216
165959 21849.1
173780 22500.9
181970 23165.4
190546 23849.3
199526 24546.4
208930 25261.4
218776 25993.9
229087 26746.2
239883 27512.7
251189 28295.3
263027 29093.5
275423 29914
288403 30750.3
301995 31610.2
316228 32484.2
331131 33378
346737 34291.5
363078 35228.5
380189 36181.2
398107 37156.5
416869 38156.4
436516 39176.3
457088 40215.5
478630 41278.3
501187 42365.1
524807 43471.4
549541 44597
575440 45753.1
602560 46932
630957 48138
660693 49362.9
691831 50618.6
724436 51899.8
758578 53202.5
794328 54532
831764 55889.9
870964 57279.1
912011 58690.6
954993 60131.1
1e+06 61606.8
1.04713e+06 63108.8
1.09648e+06 64636.7
1.14815e+06 66198.6
1.20226e+06 67782.8
1.25893e+06 69406.2
1.31826e+06 71060.8
1.38038e+06 72747.2
1.44544e+06 74461.7
1.51356e+06 76215.5
1.58489e+06 78004.9
1.65959e+06 79822.9
1.7378e+06 81678.6
1.8197e+06 83564
1.90546e+06 85487.7
1.99526e+06 87456.6
2.0893e+06 89453.7
2.18776e+06 91489.1
2.29087e+06 93562.5
2.39883e+06 95681
2.51189e+06 97832.5
2.63027e+06 100022
2.75423e+06 102264
2.88403e+06 104536
3.01995e+06 106848
3.16228e+06 109211
3.31131e+06 111614
3.46737e+06 114070
3.63078e+06 116559
3.80189e+06 119089
3.98107e+06 121683
4.16869e+06 124310
4.36516e+06 126994
4.57088e+06 129721
4.7863e+06 132493
5.01187e+06 135323
5.24807e+06 138187
5.49541e+06 141126
5.7544e+06 144092
6.0256e+06 147115
6.30957e+06 150215
6.60693e+06 153366
6.91831e+06 156537
7.24436e+06 159803
7.58578e+06 163095
7.94328e+06 166477
8.31764e+06 169897
8.70964e+06 173369
9.12011e+06 176915
9.54993e+06 180540
1e+07 184191
1.04713e+07 187934
1.09648e+07 191738
1.14815e+07 195582
1.20226e+07 199492
1.25893e+07 203512
1.31826e+07 207577
1.38038e+07 211696
1.44544e+07 215896
1.51356e+07 220171
1.58489e+07 224514
1.65959e+07 228926
1.7378e+07 233425
1.8197e+07 237981
1.90546e+07 242639
1.99526e+07 247348
2.0893e+07 252159
2.18776e+07 257027
2.29087e+07 261978
2.39883e+07 267012
2.51189e+07 272163
2.63027e+07 277356
2.75423e+07 282661
2.88403e+07 288039
3.01995e+07 293497
3.16228e+07 299084
3.31131e+07 304706
3.46737e+07 310466
3.63078e+07 316291
3.80189e+07 322219
3.98107e+07 328259
4.16869e+07 334376
4.36516e+07 340616
4.57088e+07 346932
4.7863e+07 353357
5.01187e+07 359888
5.24807e+07 366515
5.49541e+07 373282
5.7544e+07 380118
6.0256e+07 387082
6.30957e+07 394163
6.60693e+07 401311
6.91831e+07 408625
7.24436e+07 416037
7.58578e+07 423552
7.94328e+07 431204
8.31764e+07 438976
8.70964e+07 446874
9.12011e+07 454859
9.54993e+07 462957
1e+08 471241
1.04713e+08 479631
1.09648e+08 488209
1.14815e+08 496815
1.20226e+08 505601
1.25893e+08 514542
1.31826e+08 523588
1.38038e+08 532792
1.44544e+08 542132
1.51356e+08 551620
1.58489e+08 561255
1.65959e+08 571047
1.7378e+08 580962
1.8197e+08 591032
1.90546e+08 601291
1.99526e+08 611685
2.0893e+08 622197
2.18776e+08 632934
2.29087e+08 643805
2.39883e+08 654832
2.51189e+08 666034
2.63027e+08 677388
2.75423e+08 688954
2.88403e+08 700640
3.01995e+08 712489
3.16228e+08 724544
3.31131e+08 736801
3.46737e+08 749291
3.63078e+08 761849
3.80189e+08 774646
3.98107e+08 787642
4.16869e+08 800788
4.36516e+08 814146
4.57088e+08 827714
4.7863e+08 841505
5.01187e+08 855469
5.24807e+08 869655
5.49541e+08 884038
5.7544e+08 898646
6.0256e+08 913450
6.30957e+08 928477
6.60693e+08 943756
6.91831e+08 959161
7.24436e+08 974849
7.58578e+08 990765
7.94328e+08 1.00689e+06
8.31764e+08 1.02328e+06
8.70964e+08 1.03994e+06
9.12011e+08 1.05675e+06
9.54993e+08 1.07382e+06
1e+09 1.09118e+06
1.04713e+09 1.10873e+06
1.09648e+09 1.12663e+06
1.14815e+09 1.14459e+06
1.20226e+09 1.16296e+06
1.25893e+09 1.1817e+06
1.31826e+09 1.20046e+06
1.38038e+09 1.21969e+06
1.44544e+09 1.23907e+06
1.51356e+09 1.25865e+06
1.58489e+09 1.27868e+06
1.65959e+09 1.29896e+06
1.7378e+09 1.31951e+06
1.8197e+09 1.34026e+06
1.90546e+09 1.36138e+06
1.99526e+09 1.38282e+06
2.0893e+09 1.40451e+06
2.18776e+09 1.4265e+06
2.29087e+09 1.44881e+06
2.39883e+09 1.47144e+06
2.51189e+09 1.49428e+06
2.63027e+09 1.51754e+06
2.75423e+09 1.54099e+06
2.88403e+09 1.56494e+06
3.01995e+09 1.58917e+06
3.16228e+09 1.61367e+06
3.31131e+09 1.63862e+06
3.46737e+09 1.66376e+06
3.63078e+09 1.68933e+06
3.80189e+09 1.71533e+06
3.98107e+09 1.74152e+06
4.16869e+09 1.76812e+06
4.36516e+09 1.79513e+06
4.57088e+09 1.82251e+06
4.7863e+09 1.85005e+06
5.01187e+09 1.87822e+06
5.24807e+09 1.90674e+06
5.49541e+09 1.93556e+06
5.7544e+09 1.96466e+06
6.0256e+09 1.99423e+06
6.30957e+09 2.02424e+06
6.60693e+09 2.05461e+06
6.91831e+09 2.08537e+06
7.24436e+09 2.11649e+06
7.58578e+09 2.14812e+06
7.94328e+09 2.1801e+06
8.31764e+09 2.21235e+06
8.70964e+09 2.24513e+06
9.12011e+09 2.2784e+06
9.54993e+09 2.31201e+06
1e+10 2.34613e+06
1.04713e+10 2.38052e+06
1.09648e+10 2.41554e+06
1.14815e+10 2.45078e+06
1.20226e+10 2.48666e+06
1.25893e+10 2.52285e+06
1.31826e+10 2.55952e+06
1.38038e+10 2.59659e+06
1.44544e+10 2.63422e+06
1.51356e+10 2.67236e+06
1.58489e+10 2.71075e+06
1.65959e+10 2.74962e+06
1.7378e+10 2.78911e+06
1.8197e+10 2.82896e+06
1.90546e+10 2.8694e+06
1.99526e+10 2.91016e+06
2.0893e+10 2.9514e+06
2.18776e+10 2.99304e+06
2.29087e+10 3.03519e+06
2.39883e+10 3.07777e+06
2.51189e+10 3.12106e+06
2.63027e+10 3.16451e+06
2.75423e+10 3.20859e+06
2.88403e+10 3.25311e+06
3.01995e+10 3.29818e+06
3.16228e+10 3.34363e+06
3.31131e+10 3.38955e+06
3.46737e+10 3.43587e+06
3.63078e+10 3.48284e+06
3.80189e+10 3.53013e+06
3.98107e+10 3.57793e+06
4.16869e+10 3.62598e+06
4.36516e+10 3.67486e+06
4.57088e+10 3.72395e+06
4.7863e+10 3.77327e+06
5.01187e+10 3.82334e+06
5.24807e+10 3.87363e+06
5.49541e+10 3.92451e+06
5.7544e+10 3.9757e+06
6.0256e+10 4.02715e+06
6.30957e+10 4.07934e+06
6.60693e+10 4.13173e+06
6.91831e+10 4.18436e+06
7.24436e+10 4.23755e+06
7.58578e+10 4.29109e+06
7.94328e+10 4.34494e+06
8.31764e+10 4.39922e+06
8.70964e+10 4.45344e+06
9.12011e+10 4.50824e+06
9.54993e+10 4.56338e+06
1e+11 4.61866e+06
1.04713e+11 4.67403e+06
1.09648e+11 4.73e+06
1.14815e+11 4.78606e+06
1.20226e+11 4.8424e+06
1.25893e+11 4.89887e+06
1.31826e+11 4.9555e+06
1.38038e+11 5.01227e+06
1.44544e+11 5.06926e+06
1.51356e+11 5.1263e+06
1.58489e+11 5.1833e+06
1.65959e+11 5.24058e+06
1.7378e+11 5.29776e+06
1.8197e+11 5.35489e+06
1.90546e+11 5.41213e+06
1.99526e+11 5.46954e+06
2.0893e+11 5.52663e+06
2.18776e+11 5.58367e+06
2.29087e+11 5.6408e+06
2.39883e+11 5.69754e+06
2.51189e+11 5.75438e+06
2.63027e+11 5.81095e+06
2.75423e+11 5.86753e+06
2.88403e+11 5.92366e+06
3.01995e+11 5.97969e+06
3.16228e+11 6.0351e+06
3.31131e+11 6.09054e+06
3.46737e+11 6.14567e+06
3.63078e+11 6.20048e+06
3.80189e+11 6.25485e+06
3.98107e+11 6.30889e+06
4.16869e+11 6.36262e+06
4.36516e+11 6.41573e+06
4.57088e+11 6.4686e+06
4.7863e+11 6.52094e+06
5.01187e+11 6.57282e+06
5.24807e+11 6.6241e+06
5.49541e+11 6.67498e+06
5.7544e+11 6.72531e+06
6.0256e+11 6.77516e+06
6.30957e+11 6.82435e+06
6.60693e+11 6.87301e+06
6.91831e+11 6.92106e+06
7.24436e+11 6.96858e+06
7.58578e+11 7.0154e+06
7.94328e+11 7.06175e+06
8.31764e+11 7.10743e+06
8.70964e+11 7.1523e+06
9.12011e+11 7.19674e+06
9.54993e+11 7.24021e+06
1e+12 7.24021e+06